omega1 = [(15000 + nu_delta) (15100 + nu_delta) (15200 + nu_delta) (15300 + nu_delta) (15400+nu_delta) (15500 + nu_delta) (15600 + nu_delta) (15700 + nu_delta) (15800 + nu_delta) (15900+nu_delta)]
omega2 = [(16000 + nu_delta) (16100 + nu_delta) (16200 + nu_delta) (16300 + nu_delta) (16400+nu_delta) (16500 + nu_delta) (16600 + nu_delta) (16700 + nu_delta) (16800 + nu_delta) (16900+nu_delta)]
omega3 = [(17000 + nu_delta) (17100 + nu_delta) (17200 + nu_delta) (17300 + nu_delta) (17400+nu_delta) (17500 + nu_delta) (17600 + nu_delta) (17700 + nu_delta) (17800 + nu_delta) (17900+nu_delta)]
omega4 = [(18000 + nu_delta) (18100 + nu_delta) (18200 + nu_delta) (18300 + nu_delta) (18400+nu_delta) (18500 + nu_delta) (18600 + nu_delta) (18700 + nu_delta) (18800 + nu_delta) (18900+nu_delta)]
omega5 = [(19000 + nu_delta) (19100 + nu_delta) (19200 + nu_delta) (19300 + nu_delta) (19400+nu_delta) (19500 + nu_delta) (19600 + nu_delta) (19700 + nu_delta) (19800 + nu_delta) (19900+nu_delta)]
omega6 = [(20000 + nu_delta) (20100 + nu_delta) (20200 + nu_delta) (20300 + nu_delta) (20400+nu_delta) (20500 + nu_delta) (20600 + nu_delta) (20700 + nu_delta) (20800 + nu_delta) (20900+nu_delta)]
omega7 = [(21000 + nu_delta) (21100 + nu_delta) (21200 + nu_delta) (21300 + nu_delta) (21400+nu_delta) (21500 + nu_delta) (21600 + nu_delta) (21700 + nu_delta) (21800 + nu_delta) (21900+nu_delta)]
omega8 = [(22000 + nu_delta) (22100 + nu_delta) (22200 + nu_delta) (22300 + nu_delta) (22400+nu_delta) (22500 + nu_delta) (22600 + nu_delta) (22700 + nu_delta) (22800 + nu_delta) (22900+nu_delta)]
omega9 = [(23000 + nu_delta) (23100 + nu_delta) (23200 + nu_delta) (23300 + nu_delta) (23400+nu_delta) (23500 + nu_delta) (23600 + nu_delta) (23700 + nu_delta) (23800 + nu_delta) (23900+nu_delta)]
omega10 = [(24000 + nu_delta) (24100 + nu_delta) (24200 + nu_delta) (24300 + nu_delta) (24400+nu_delta) (24500 + nu_delta) (24600 + nu_delta) (24700 + nu_delta) (24800 + nu_delta) (24900+nu_delta)]
omega11 = [(25000 + nu_delta) (25100 + nu_delta) (25200 + nu_delta) (25300 + nu_delta) (25400+nu_delta) (25500 + nu_delta) (25600 + nu_delta) (25700 + nu_delta) (25800 + nu_delta) (25900+nu_delta)]
omega12 = [(26000 + nu_delta) (26100 + nu_delta) (26200 + nu_delta) (26300 + nu_delta) (26400+nu_delta) (26500 + nu_delta) (26600 + nu_delta) (26700 + nu_delta) (26800 + nu_delta) (26900+nu_delta)]
omega13 = [(27000 + nu_delta) (27100 + nu_delta) (27200 + nu_delta) (27300 + nu_delta) (27400+nu_delta) (27500 + nu_delta) (27600 + nu_delta) (27700 + nu_delta) (27800 + nu_delta) (27900+nu_delta)]
omega14 = [(27000 + nu_delta) (27100 + nu_delta) (27200 + nu_delta) (27300 + nu_delta) (27400+nu_delta) (27500 + nu_delta) (27600 + nu_delta) (27700 + nu_delta) (27800 + nu_delta) (27900+nu_delta)]
omega15 = [(28000 + nu_delta) (28100 + nu_delta) (28200 + nu_delta) (28300 + nu_delta) (28400+nu_delta) (28500 + nu_delta) (28600 + nu_delta) (28700 + nu_delta) (28800 + nu_delta) (28900+nu_delta)]
omega16 = [(29000 + nu_delta) (29100 + nu_delta) (29200 + nu_delta) (29300 + nu_delta) (29400+nu_delta) (29500 + nu_delta) (29600 + nu_delta) (29700 + nu_delta) (29800 + nu_delta) (29900+nu_delta)]
omega17 = [(30000 + nu_delta) (30100 + nu_delta) (30200 + nu_delta) (30300 + nu_delta) (30400+nu_delta) (30500 + nu_delta) (30600 + nu_delta) (30700 + nu_delta) (30800 + nu_delta) (30900+nu_delta)]
omega18 = [(31000 + nu_delta) (31100 + nu_delta) (31200 + nu_delta) (31300 + nu_delta) (31400+nu_delta) (31500 + nu_delta) (31600 + nu_delta) (31700 + nu_delta) (31800 + nu_delta) (31900+nu_delta)]
omega19 = [(32000 + nu_delta) (32100 + nu_delta) (32200 + nu_delta) (32300 + nu_delta) (32400+nu_delta) (32500 + nu_delta) (32600 + nu_delta) (32700 + nu_delta) (32800 + nu_delta) (32900+nu_delta)]
omega20 = [(33000 + nu_delta) (33100 + nu_delta) (33200 + nu_delta) (33300 + nu_delta) (33400+nu_delta) (33500 + nu_delta) (33600 + nu_delta) (33700 + nu_delta) (33800 + nu_delta) (33900+nu_delta)]
omega21 = [(34000 + nu_delta) (34100 + nu_delta) (34200 + nu_delta) (34300 + nu_delta) (34400+nu_delta) (34500 + nu_delta) (34600 + nu_delta) (34700 + nu_delta) (34800 + nu_delta) (34900+nu_delta)]
omega22 = [(35000 + nu_delta) (35100 + nu_delta) (35200 + nu_delta) (35300 + nu_delta) (35400+nu_delta) (35500 + nu_delta) (35600 + nu_delta) (35700 + nu_delta) (35800 + nu_delta) (35900+nu_delta)]
omega23 = [(36000 + nu_delta) (36100 + nu_delta) (36200 + nu_delta) (36300 + nu_delta) (36400+nu_delta) (36500 + nu_delta) (36600 + nu_delta) (36700 + nu_delta) (36800 + nu_delta) (36900+nu_delta)]
omega24 = [(37000 + nu_delta) (37100 + nu_delta) (37200 + nu_delta) (37300 + nu_delta) (37400+nu_delta) (37500 + nu_delta) (37600 + nu_delta) (37700 + nu_delta) (37800 + nu_delta) (37900+nu_delta)]
omega25 = [(38000 + nu_delta) (38100 + nu_delta) (38200 + nu_delta) (38300 + nu_delta) (38400+nu_delta) (38500 + nu_delta) (38600 + nu_delta) (38700 + nu_delta) (38800 + nu_delta) (38900+nu_delta)]
omega26 = [(39000 + nu_delta) (39100 + nu_delta) (39200 + nu_delta) (39300 + nu_delta) (39400+nu_delta) (39500 + nu_delta) (39600 + nu_delta) (39700 + nu_delta) (39800 + nu_delta) (39900+nu_delta)]
omega27 = [(40000 + nu_delta) (40100 + nu_delta) (40200 + nu_delta) (40300 + nu_delta) (40400+nu_delta) (40500 + nu_delta) (40600 + nu_delta) (40700 + nu_delta) (40800 + nu_delta) (40900+nu_delta)]
omega28 = [(41000 + nu_delta) (41100 + nu_delta) (41200 + nu_delta) (41300 + nu_delta) (41400+nu_delta) (41500 + nu_delta) (41600 + nu_delta) (41700 + nu_delta) (41800 + nu_delta) (41900+nu_delta)]
omega29 = [(42000 + nu_delta) (42100 + nu_delta) (42200 + nu_delta) (42300 + nu_delta) (42400+nu_delta) (42500 + nu_delta) (42600 + nu_delta) (42700 + nu_delta) (42800 + nu_delta) (42900+nu_delta)]
omega30 = [(43000 + nu_delta) (43100 + nu_delta) (43200 + nu_delta) (43300 + nu_delta) (43400+nu_delta) (43500 + nu_delta) (43600 + nu_delta) (43700 + nu_delta) (43800 + nu_delta) (43900+nu_delta)]
omega31 = [(44000 + nu_delta) (44100 + nu_delta) (44200 + nu_delta) (44300 + nu_delta) (44400+nu_delta) (44500 + nu_delta) (44600 + nu_delta) (44700 + nu_delta) (44800 + nu_delta) (44900+nu_delta)]
omega32 = [(45000 + nu_delta) (45100 + nu_delta) (45200 + nu_delta) (45300 + nu_delta) (45400+nu_delta) (45500 + nu_delta) (45600 + nu_delta) (45700 + nu_delta) (45800 + nu_delta) (45900+nu_delta)]
omega33 = [(46000 + nu_delta) (46100 + nu_delta) (46200 + nu_delta) (46300 + nu_delta) (46400+nu_delta) (46500 + nu_delta) (46600 + nu_delta) (46700 + nu_delta) (46800 + nu_delta) (46900+nu_delta)]
omega34 = [(47000 + nu_delta) (47100 + nu_delta) (47200 + nu_delta) (47300 + nu_delta) (47400+nu_delta) (47500 + nu_delta) (47600 + nu_delta) (47700 + nu_delta) (47800 + nu_delta) (47900+nu_delta)]
omega35 = [(48000 + nu_delta) (48100 + nu_delta) (48200 + nu_delta) (48300 + nu_delta) (48400+nu_delta) (48500 + nu_delta) (48600 + nu_delta) (48700 + nu_delta) (48800 + nu_delta) (48900+nu_delta)]
omega36 = [(49000 + nu_delta) (49100 + nu_delta) (49200 + nu_delta) (49300 + nu_delta) (49400+nu_delta) (49500 + nu_delta) (49600 + nu_delta) (49700 + nu_delta) (49800 + nu_delta) (49900+nu_delta)]
omega37 = [(50000 + nu_delta) (50100 + nu_delta) (50200 + nu_delta) (50300 + nu_delta) (50400+nu_delta) (50500 + nu_delta) (50600 + nu_delta) (50700 + nu_delta) (50800 + nu_delta) (50900+nu_delta)]
omega38 = [(51000 + nu_delta) (51100 + nu_delta) (51200 + nu_delta) (51300 + nu_delta) (51400+nu_delta) (51500 + nu_delta) (51600 + nu_delta) (51700 + nu_delta) (51800 + nu_delta) (51900+nu_delta)]
omega39 = [(52000 + nu_delta) (52100 + nu_delta) (52200 + nu_delta) (52300 + nu_delta) (52400+nu_delta) (52500 + nu_delta) (52600 + nu_delta) (52700 + nu_delta) (52800 + nu_delta) (52900+nu_delta)]
omega40 = [(53000 + nu_delta) (53100 + nu_delta) (53200 + nu_delta) (53300 + nu_delta) (53400+nu_delta) (53500 + nu_delta) (53600 + nu_delta) (53700 + nu_delta) (53800 + nu_delta) (53900+nu_delta)]
